27.199389203121886
33.79940638540597
49.546266750371935
53.68563590846498
56.18378443802391
56.65388247224301
53.9177905550597
56.56072982328983
56.324851565509775
48.76682631340663
53.32211782183232
56.75888545212522
56.26147274539974
53.392022948563024
55.880173846484944
56.17828690171535
30.96301573173825
47.847042867952666
53.1854824214701
55.82901729424579
55.52662075113729
52.94628510431125
55.84583296967015
56.399685435140185
47.58434395580931
53.044037815775226
55.97648877713944
55.71333541543112
51.73942103315661
54.93983689943063
54.606966337846465
24.72490590956619
29.759559663995603
48.0980370293452
51.49087967028809
54.54690729149093
55.12645840213172
52.35218286563714
54.96925971491153
54.970829081554385
48.22414985708805
52.52222831533494
55.51086608393839
55.17571410359302
52.096318184155606
55.189375170250024
54.85564244256953
31.935864821338452
48.84098129185239
52.446244181446595
55.28017599703236
55.02101899019615
52.766505377195216
55.064749303016434
55.085974713870485
48.706829298459226
52.47114118002902
55.26614579635786
55.38656739725962
52.30654695022568
55.31060163467593
54.96110058992972
26.2652714144326
33.45398836285389
50.00034118239477
52.459026585431836
55.221372357587015
55.28928336303088
52.25987251843123
55.02572145031996
55.16678881240706
50.65095117825236
53.398136468623065
55.753791182835464
55.99320034741873
53.92556849727701
55.84133985182609
55.97853147796725
33.61390582372971
51.505932532695695
53.583138062023835
56.00900762497255
56.09539028987455
54.830753456321546
56.83775354029234
57.01154354139061
52.13625714275899
55.08504914686935
57.01315743782438
57.195502924130636
55.48199421545728
57.167616412511
57.09221156483345
29.93471325973126
41.46757157216467
53.25846779672687
55.38669920398297
56.900723737166686
57.48480647874496
55.77700645468518
57.47498850825684
57.679584647602994
53.55514136375335
55.674787268441236
57.762960481953684
57.715192484291286
56.1890803111079
58.26309971935089
58.31546518586795
32.86363179086832
54.79257804354119
56.889883969377266
58.66433574684109
59.034353069887956
57.30107374038453
58.85726657357773
59.08266344478635
55.00611582298891
57.6284518649948
59.19732787180621
59.25467455535811
57.22461814807997
59.25660203282654
58.41875343276436
